100,-5.8554,10.7401
200,9.1328,5.7026
300,24.3385,13.2656
400,27.1986,11.5247
500,34.3035,14.0512
600,34.9081,16.0738
700,41.3006,20.2562
800,29.0076,15.0313
900,36.1318,22.9172
1000,44.8180,27.0866
1100,25.5304,12.8340
1200,40.1892,17.9568
1300,41.5136,24.4300
1400,28.3069,14.0105
1500,17.5534,5.2148
1600,45.9236,24.4192
1700,38.3093,20.7379
1800,36.9479,20.2905
1900,42.6185,21.4938
2000,43.7336,18.9008
2100,41.2982,17.8351
2200,41.8356,21.4558
2300,48.2292,25.8072
2400,42.1213,24.2378
2500,37.4279,16.2756
2600,36.9965,24.6955
2700,33.8514,16.4714
2800,34.0988,16.5978
2900,44.9078,28.4421
3000,42.2256,22.2171
3100,47.8604,26.8058
3200,46.9039,29.9159
3300,23.7334,11.9665
3400,39.5617,16.8504
3500,32.7388,20.0954
3600,44.3213,25.7840
3700,38.5114,20.1759
3800,49.1892,21.9528
3900,38.6912,17.3590
4000,42.1824,24.9800
4100,40.9550,22.7144
4200,41.5263,20.6427
4300,48.8553,26.8482
4400,36.4031,16.9095
4500,43.4166,23.1299
4600,44.6917,28.0237
4700,44.0579,22.2077
4800,49.4466,20.0119
4900,29.6897,10.4468
5000,40.0676,18.9696
5100,53.0144,24.4910
5200,55.7191,27.9384
5300,44.1736,16.4664
5400,50.2648,25.3855
5500,48.3699,20.8932
5600,53.2599,23.7938
5700,47.9161,28.2621
5800,42.1843,21.5198
5900,15.3450,4.4458
6000,18.1489,4.6959
6100,39.2423,19.8570
6200,40.7530,17.6129
6300,59.5991,28.7966
6400,38.7873,15.6223
6500,55.8935,27.4935
6600,48.6176,21.9232
6700,63.9271,32.0395
6800,57.7694,32.4990
6900,42.8597,22.7982
7000,32.4221,14.7100
7100,17.0012,7.8160
7200,21.1069,5.8291
7300,27.3059,10.0770
7400,46.0734,23.2098
7500,57.2863,21.8809
7600,56.1688,26.4527
7700,46.7247,24.4832
7800,35.3052,14.7739
7900,29.5706,11.0491
8000,24.4649,11.1116
8100,27.5610,12.3706
8200,28.3219,13.9196
8300,34.7239,14.5139
8400,40.1140,20.6607
8500,37.7058,18.6822
8600,44.5509,24.9325
8700,43.1611,18.9931
8800,44.0461,21.5697
8900,41.3227,18.6035
9000,39.2059,22.5401
9100,39.0157,22.4120
9200,44.7410,24.9874
9300,43.4924,17.7425
9400,52.1545,25.6561
9500,39.4738,17.0735
9600,28.4764,10.8078
9700,44.6492,20.7039
9800,60.7485,34.2360
9900,51.3432,27.9789
10000,49.9568,25.9240
10100,45.3428,20.9447
10200,43.9784,23.8315
10300,44.1136,18.6079
10400,47.1353,24.4060
10500,42.0492,17.2240
10600,43.5269,24.3127
10700,47.2838,21.7545
10800,49.2520,25.0999
10900,52.2028,24.6917
11000,48.4553,23.5745
11100,39.9849,23.1093
11200,46.6096,31.6632
11300,50.3640,26.6209
11400,38.2273,15.5990
11500,50.2286,21.7175
11600,34.2720,15.9287
11700,52.5341,25.7122
11800,55.5293,25.6906
11900,61.9353,29.0217
12000,57.1918,26.4371
12100,57.6691,26.7952
12200,59.8198,27.5903
12300,61.3858,35.3050
12400,58.9832,25.1369
12500,60.2329,28.4986
12600,74.2948,29.3709
12700,67.8409,25.9771
12800,52.7330,21.2611
12900,64.8650,31.4457
13000,59.0254,31.0050
13100,61.4152,28.5500
13200,60.1093,33.6606
13300,54.7848,23.5627
13400,64.4951,25.9957
13500,72.0287,33.5972
13600,54.8877,25.5235
13700,59.6828,28.8273
13800,46.3314,18.9256
13900,48.5051,25.0736
14000,50.1257,27.7194
14100,61.0613,27.1628
14200,56.9617,29.1170
14300,56.2488,24.6901
14400,54.0510,26.4266
14500,52.4608,27.1143
14600,49.5412,23.3760
14700,55.2614,23.6244
14800,53.4701,26.3491
14900,55.9265,28.7528
15000,64.7869,30.6528
15100,53.4845,25.5472
15200,79.2544,36.4461
15300,72.1338,34.3866
15400,54.4219,25.2987
15500,36.9393,17.2884
15600,74.3907,36.7379
15700,68.6938,32.2605
15800,59.1899,20.8831
15900,66.6007,28.3917
16000,75.9718,30.9314
16100,55.7422,23.4216
16200,60.2549,29.7198
16300,62.1577,28.5297
16400,64.7683,29.8546
16500,73.0820,26.4672
16600,52.0143,21.0426
16700,65.8451,32.9791
16800,68.1342,27.7178
16900,75.7552,33.7058
17000,68.2376,28.2788
17100,89.9059,40.3750
17200,85.1400,34.5110
17300,86.9943,35.4945
17400,76.4690,26.7112
17500,78.5413,33.8839
17600,70.6069,29.7639
17700,76.8205,38.2580
17800,70.2254,29.5026
17900,70.9444,29.8055
18000,73.3296,27.1042
18100,75.8628,30.8279
18200,69.5504,27.2678
18300,81.2978,30.6104
18400,76.7049,29.9835
18500,71.0550,24.6072
18600,77.1361,31.2587
18700,71.4070,32.4299
18800,81.6906,32.5119
18900,89.6459,38.6154
19000,82.6620,32.0931
19100,88.8819,32.0644
19200,89.5376,36.7793
19300,93.2154,38.1419
19400,95.9789,36.2448
19500,92.2600,38.3838
19600,100.6993,39.7584
19700,102.2174,34.3233
19800,95.4508,38.1684
19900,104.6933,36.1149
20000,101.1048,35.4491
20100,109.0038,36.1158
20200,109.6859,38.1925
20300,112.9796,39.1651
20400,104.6293,38.1665
20500,114.4711,41.1174
20600,112.2633,39.1198
20700,121.3997,30.6218
20800,107.4887,38.5573
20900,131.3680,37.2861
21000,132.2347,40.9854
21100,121.3088,36.7001
21200,119.2150,36.1953
21300,122.2847,34.9447
21400,117.4753,32.2476
21500,122.5094,35.4383
21600,130.1597,38.7621
21700,127.5591,38.7484
21800,129.1409,38.0193
21900,129.3623,35.4951
22000,127.6736,33.4269
22100,125.5562,37.0893
22200,121.7533,37.8818
22300,130.2792,33.0961
22400,131.3384,34.7787
22500,134.7732,35.0965
22600,137.1339,34.9653
22700,129.5520,34.3378
22800,118.3256,37.2934
22900,136.5735,31.6120
23000,127.6165,37.0217
23100,137.3489,31.9959
23200,145.6913,38.4810
23300,139.8590,35.0655
23400,138.5515,35.0832
23500,143.0380,39.2652
23600,141.5439,34.6901
23700,148.8533,36.6028
23800,133.8657,35.6375
23900,137.0923,37.3541
24000,145.3933,36.1822
24100,140.2044,37.5361
24200,134.8948,35.6001
24300,140.1501,32.3993
24400,141.5276,41.0631
24500,143.1368,39.2860
24600,140.5283,32.8422
24700,136.6757,37.4506
24800,136.9180,32.9914
24900,140.5364,34.1527
25000,142.1149,38.5602
25100,137.2969,36.6619
25200,142.1683,34.1485
25300,142.0889,41.6679
25400,147.7651,36.8070
25500,142.0294,33.5889
25600,140.4715,33.4557
25700,144.8671,36.2389
25800,150.0455,30.5505
25900,145.0439,34.5776
26000,139.5631,34.4028
26100,137.5853,32.1446
26200,137.6227,38.3331
26300,147.1849,35.1170
26400,155.9392,36.2270
26500,145.1125,32.9462
26600,147.3414,35.7051
26700,150.2393,35.2931
26800,141.9854,36.8076
26900,151.3047,40.1107
27000,149.1670,37.2220
27100,135.8477,38.6814
27200,143.1779,36.7469
27300,148.2874,36.5332
27400,148.4400,32.4775
27500,145.1588,32.4941
27600,146.8624,32.1683
27700,153.3268,34.4547
27800,143.8846,35.8410
27900,149.3625,35.4161
28000,152.6467,39.4097
28100,148.2854,28.5467
28200,152.3789,35.0814
28300,147.5605,33.3019
28400,157.1997,34.8177
28500,154.1454,33.4206
28600,147.7938,36.3766
28700,155.2043,35.3883
28800,147.2624,36.3653
28900,153.1792,30.8874
29000,151.6145,34.4736
29100,152.5251,35.2240
29200,151.9526,36.0502
29300,150.1578,35.1501
29400,149.0393,35.6221
29500,157.3326,35.9245
29600,146.4953,35.4082
29700,155.0129,35.4455
29800,155.8607,36.2730
29900,156.8174,36.3254
